0扇区：Sector0 扇区密码：01 02 03 04 05 06
Blocks:
0区内容：D6 59 33 31 8D 08 04 00 62 63 64 65 66 67 68 69
1区内容：00 00 00 00 00 00 00 00 00 00 00 00 00 00 00 00
2区内容：01 02 03 04 05 06 07 08 09 10 11 12 13 14 15 16
3区内容：00 00 00 00 00 00 FF 07 80 69 FF FF FF FF FF FF

1扇区：Sector1 扇区密码：11 12 13 14 15 16
Blocks:
4区内容：00 00 00 00 00 00 00 00 00 00 00 00 00 00 00 00
5区内容：00 00 00 00 00 00 00 00 00 00 00 00 00 00 00 00
6区内容：00 00 00 00 00 00 00 00 00 00 00 00 00 00 00 00
7区内容：00 00 00 00 00 00 FF 07 80 69 FF FF FF FF FF FF

2扇区：Sector2 扇区密码：FF FF FF FF FF FF
Blocks:
8区内容：00 00 00 00 00 00 00 00 00 00 00 00 00 00 00 00
9区内容：00 00 00 00 00 00 00 00 00 00 00 00 00 00 00 00
10区内容：00 00 00 00 00 00 00 00 00 00 00 00 00 00 00 00
11区内容：00 00 00 00 00 00 00 00 00 00 00 00 00 00 00 00

3扇区：Sector3 扇区密码：FF FF FF FF FF FF
Blocks:
12区内容：00 00 00 00 00 00 00 00 00 00 00 00 00 00 00 00
13区内容：00 00 00 00 00 00 FF 07 80 69 FF FF FF FF FF FF
14区内容：00 00 00 00 00 00 00 00 00 00 00 00 00 00 00 00
15区内容：00 00 00 00 00 00 00 00 00 00 00 00 00 00 00 00

4扇区：Sector4 扇区密码：FF FF FF FF FF FF
Blocks:
16区内容：00 00 00 00 00 00 00 00 00 00 00 00 00 00 00 00
17区内容：00 00 00 00 00 00 FF 07 80 69 FF FF FF FF FF FF
18区内容：00 00 00 00 00 00 00 00 00 00 00 00 00 00 00 00
19区内容：00 00 00 00 00 00 00 00 00 00 00 00 00 00 00 00

共16个扇区，每个扇区有4个区段，共64个区段。

默认读取区段为4区段